Username, Rounds Played, Time Played, Revives, Repairs, Heals, Resupplies, Squad Score, Orders_Comp, Flag Captured, Flag Defended, Bombs Placed, Bombs Defused, Game Mode Score, Region
-Alter-Wemser-,1590,1138694,1688,71,9469,5,2886680,7,6377,3703,3,2,4.34564e+06,2
1CanOnlySpeculat,600,665657,3013,196,13534,32,1863760,3,1869,3347,0,6,2.13547e+06,1
6steelblades,2249,1283306,852,87,7009,7,2032350,4,1247,1491,32,7,1.3699e+06,2
A41200,2028,1911990,2175,110,24829,17,2437510,6,4126,4630,0,0,5.86626e+06,3
AnAbsoluteNoob,806,441634,2561,19,7194,16,1306930,2,2845,2116,9,4,5.18565e+06,3
Arnoldsbiceps,920,1020647,1978,55,6888,5,1604140,3,2011,3764,26,14,3.60915e+06,2
AspiringRacist,1168,896220,2290,245,12506,6,1688870,4,1870,3521,2,1,3.41024e+06,1
Atzen86,910,870070,1455,62,11527,4,1767380,3,1369,1872,2,0,1.52937e+06,2
Ballov90,1113,1280537,1906,103,5773,5,3046310,8,4607,3497,9,8,6.76871e+06,2
BattlePHIL_Qc,629,754878,2654,70,7560,6,1405560,2,2004,2471,0,1,1.52369e+06,1
BeatMeSilly,501,572118,2478,325,16883,2,1664700,3,1297,2839,0,1,645445,1
Butch541954,1949,1939523,120,18,726,46,2671160,5,3076,3434,0,0,5.3106e+06,2
ChrisPlayz_TV,920,967072,2048,11,6991,10,2090550,5,4854,2712,2,1,7.3044e+06,2
CrimsonSchizoid,1396,1081704,3089,1136,14094,10,3908530,9,6175,3824,15,4,4.687e+06,1
Cyanide_sk21,966,933427,410,8,2816,3,1446220,2,1591,3379,13,1,1.70033e+06,1
Darkkonator,1284,1156430,2256,231,11911,7,2330480,5,3632,3428,0,0,4.48271e+06,2
DeMoN96HD,704,794703,1264,185,5526,2,1834480,4,1504,1822,7,2,1.0525e+06,2
Der_Pfloutsch,1134,1051393,3301,125,8781,8,3320820,6,3652,2073,55,14,2.90142e+06,2
Drengii,810,916573,474,206,8498,6,1501650,2,1671,2700,39,12,2.82983e+06,2
Eraldi-Albania,924,1090561,554,61,499,747,1339640,3,3307,2569,4,2,3.92892e+06,2
FS_Halcon,1155,941704,1908,57,10055,6,1741550,3,2603,2243,48,27,4.46841e+06,3
Falopera,685,904226,2033,118,14911,8,1581920,2,1793,2088,0,0,988260,1
Flopo78,1314,1411639,438,314,5236,864,2203900,6,4211,3603,7,0,6.74875e+06,2
Freakyfrek,858,837981,2940,53,15956,10,2034630,4,4200,2913,2,1,6.38434e+06,1
Gaishnik_55rus,1213,1278795,964,65,10382,6,1709490,3,1232,2356,11,0,2.51339e+06,2
GuardsmanMal,1336,1566461,4714,485,16479,13,552739,1,2647,4864,16,6,3.82104e+06,1
Hendrik1693,458,434715,1357,160,5306,3,1728070,2,2086,2113,5,0,4.4955e+06,2
Hollysseus,1553,1730799,3065,75,23685,7,2423550,6,4455,3623,0,0,6.1352e+06,2
Jaytie2k7,898,818050,1853,73,7608,6,2547080,6,4140,2273,41,21,5.65196e+06,2
Kami_Kaze-_-yo31,1080,1336373,2321,106,19014,7,1913870,6,4174,4669,0,0,5.12887e+06,2
Legit_PureDreAm,1213,1017356,4134,56,13357,8,2244010,3,1911,2274,135,64,1.9058e+06,1
Leon3079,899,869908,13890,240,48430,388,3750670,5,3836,2731,5,1,6.66212e+06,2
Libram87,874,1133947,1338,197,12492,8,2062320,4,2355,3300,0,1,3.98443e+06,2
Little_css,598,734664,2239,0,14405,8,1516920,2,2110,2745,18,5,1.57255e+06,2
MAD_MEDlC,870,1066272,2727,117,6296,4,2163310,5,2859,3532,0,0,5.62658e+06,1
Manyik75,1499,1363144,2860,63,13152,10,3034340,6,3107,3221,11,1,5.8972e+06,2
MartinTheDuck1,1708,1623658,2737,105,11317,8,2364660,8,5495,5577,6,1,6.6764e+06,1
MeramiSOK,1043,954649,2326,327,14783,19,3277080,9,6091,3270,64,5,3.27372e+06,3
MickyMac131,1776,1020091,2388,0,3828,6,2314800,4,4300,1941,27,5,1.71784e+06,2
Myst3l,1308,1291005,432,89,2398,18,1630340,3,2150,3168,6,4,2.81385e+06,2
NathanCritz,1126,905576,2605,276,9912,5,1700960,3,2238,2327,14,7,2.92975e+06,1
Nev-stos,729,773754,1880,196,12700,4,1600380,2,977,2183,110,35,677895,2
Nicemoko,801,733459,1510,258,14045,12,1629850,2,2814,1921,6,0,2.73692e+06,2
NitroTronic,992,1027904,944,38,1874,1,1905030,4,2756,3584,20,5,3.58079e+06,1
OnemoreDK,1415,1382297,62,52,276,20,2884000,6,5274,5462,27,1,9.3457e+06,1
Orninum,356,437880,1401,416,15321,3,1175420,2,1012,1241,8,2,4.0891e+06,1
Paitekind,1041,1134596,3535,110,31416,5,2110640,5,2813,2702,7,1,4.50814e+06,2
PeepingTom01,937,990526,2867,144,15005,36,2896080,4,3088,2598,0,2,4.31668e+06,2
R0dBenn,1171,1239208,1365,69,12137,5,1289790,2,1535,3085,1,0,1.88711e+06,2
RDA-OF-ViTaMinC,1921,1577839,656,82,3838,2,2976680,8,4553,4313,215,59,7.53806e+06,1
RWhite505,2205,2005977,4539,135,27309,24,3133890,6,5833,3788,10,5,8.81578e+06,1
Ravagexe,1290,1223164,2092,1522,9464,4,1672050,4,1397,2790,1,0,2.62323e+06,2
Riseszle,577,656741,1498,157,6439,2,1473840,3,2400,2784,18,3,4.12731e+06,2
RsKp_ZhaLe,1312,954774,2376,6,16723,1,2876120,7,4567,5559,35,11,2.83824e+06,2
Rustman-GB-,1446,1422273,5104,125,12134,5,2750980,5,3768,3727,84,16,4.17036e+06,2
Smigg1994,591,632242,693,17,3663,879,1702420,3,2744,3350,0,0,3.26664e+06,2
Spongebob_NDS,2682,1493861,746,0,3586,4,1375600,1,1401,1342,2,0,1.82289e+06,2
Sthlippery_Stair,1148,996671,1074,836,4950,2,3840630,8,357,727,698,262,1.41396e+06,1
TacticalBaconPro,882,1320076,309,89,1180,6,1846480,3,1450,3385,2,1,4.04392e+06,0
Tal1yaaah,1157,1022743,1976,209,11288,6,1294480,3,1918,2328,35,8,3.31054e+06,3
TapisDeDouche,616,717287,550,23,3827,30,1683260,3,3424,2017,0,0,5.37854e+06,2
Th3_2fast4u,610,745581,3623,355,12880,2,2505250,4,1858,2657,9,6,2.0258e+06,1
TheFouFou,576,613810,4834,8,25695,193,1942210,3,2730,2726,22,3,2.97018e+06,2
TheStar_BY,898,493172,1586,32,5110,11,1308900,2,1532,2222,3,0,2.83018e+06,2
Tjukkabollah,661,637725,2409,334,11617,4,1992360,3,2290,2215,7,4,2.83667e+06,2
ToB_Barkingmaduk,1436,1825802,1350,831,8928,8,1851070,3,2382,4379,0,0,4.73293e+06,2
Trail_Spike,2236,2632361,509,186,2189,6,239015,551,3443,4374,1,0,4.64807e+06,2
TuboOsan,1846,1644885,3481,1109,12883,10,1722040,4,3006,3980,0,0,5.54072e+06,3
TyRn90,2206,1502262,2509,2722,20903,12,2594720,4,1292,2427,37,25,1.37814e+06,2
Tyler-041,1202,1196641,1742,130,4398,1,1762570,4,1617,3725,19,14,2.86475e+06,1
VendoEmpanadasYT,804,784950,497,68,2126,2,1349680,3,2574,3650,34,9,4.3569e+06,1
Wormmm91,865,842643,999,53,12114,10,2304520,4,1167,2417,106,43,1.81493e+06,2
XeB4X,629,730274,1026,110,4588,4,1449770,2,1614,2548,7,10,2.38938e+06,2
adam0247,2351,1914445,1680,54,5673,4,2244070,6,4330,3622,29,9,4.46219e+06,1
amjadr360,1445,1643305,1013,149,7022,5,2074970,4,1473,2099,11,13,3.7849e+06,2
carballosport,1259,1275159,1111,292,5883,3,1781360,4,3340,3548,46,11,5.2235e+06,2
daev1s,1237,1444124,2359,22,8805,2,2238370,4,2026,3623,7,0,1.63498e+06,1
dido9721,1205,1234507,6528,371,52822,8,2471730,5,2797,2523,0,0,4.15009e+06,2
drunkenDunken,1359,1353229,160,77,4105,19,2355620,4,2768,2040,23,1,4.71575e+06,2
dugoni-BR,1381,1655662,739,73,4281,2,1522280,3,2442,2100,0,0,5.07421e+06,0
eNjiLIVE,1112,1141796,878,108,11969,4,2145730,4,1221,2216,43,17,1.17022e+06,2
fACE_Mello,1264,1118470,3097,199,17299,7,2829260,5,2090,2037,5,2,4.25845e+06,2
gaumn,1229,1142859,493,77,3311,5,1483070,3,1236,3124,26,6,2.94943e+06,3
kelevraut,1423,1384319,899,50,4140,29,1976910,4,3788,2152,0,0,5.46713e+06,2
leshenxleshen,1668,1558192,359,66,4718,4,2593570,6,2251,2812,0,0,1.76088e+06,2
migalhas,1082,1020476,3722,148,22666,13,1825470,2,1775,2165,19,7,1.13193e+06,2
mojogod,1281,1198886,2314,119,6549,3,2161510,5,4700,2432,6,8,6.94277e+06,2
oPeNxMinD,1044,694517,1835,77,13854,5,1525550,3,2293,2149,4,4,946295,2
samsas_BBHT,728,579095,552,67,1142,12,1315390,2,1321,1989,1,0,2.99874e+06,2
satentea0682,1011,617992,1308,50,5126,5,1161010,2,2093,2089,0,0,4.73138e+06,1
sv2241,605,897013,377,54,2471,2,1302500,2,2423,1707,14,6,7.49574e+06,2
talentlos90,893,1274965,6399,169,24067,17,2724230,5,3770,5762,26,2,5.2581e+06,2
valmoscow,1028,3161065,0,26,45,219,2537300,8,7493,2894,0,0,1.21866e+07,2
verealan,3220,1162459,4724,663,24530,14,3271570,6,2969,3117,13,12,3.61462e+06,2
