Username, Rounds Played, Time Played, Revives, Repairs, Heals, Resupplies, Squad Score, Orders_Comp, Flag Captured, Flag Defended, Bombs Placed, Bombs Defused, Game Mode Score, Region
-FTR-WH1T3R,2171,1299471,788,12,3434,1,1559880,2,2608,2279,101,32,2.67665e+06,2
1995-2000-2006,1830,974020,2965,217,20632,4,1298740,1,608,1151,12,3,685475,2
Aedh_N7,888,1162173,2894,54,9084,11,1870970,4,3741,3917,0,0,5.59773e+06,2
Algorythm99,1180,1051241,1000,144,5860,2,1786440,3,2510,2841,222,69,3.53553e+06,3
Anecoz,749,569382,105,61,628,3,2915180,5,279,576,1,283,2.28593e+06,2
ArtieeeBaker,510,491585,1003,68,4656,2,1398610,2,1694,2112,171,36,2.72948e+06,2
BlackOnyx_SX7,1297,1231199,5153,119,12464,7,2320000,4,3791,2478,135,38,3.99027e+06,2
Casablanca9527,1461,1271208,272,128,2108,2,1229040,2,1094,2867,0,0,3.62026e+06,3
DrReudo,1324,1229548,1090,89,3485,2,1859800,3,2377,2920,21,4,3.05261e+06,1
Einhard009,2252,1355404,2084,185,11400,8,1985220,2,1418,2107,85,16,2.5787e+06,3
ErMax85,1564,1262778,3296,65,22073,6,2754130,5,2434,2308,121,71,2.74972e+06,2
FanticsX,1291,1427118,896,51,12282,5,1769220,3,2301,2174,5,2,4.15597e+06,3
GrantxWilkins,1091,1447480,807,139,11145,4,1672140,4,1979,2218,0,0,3.96638e+06,2
GuoLennon,861,963409,2709,76,10788,7,1431380,2,1643,2942,87,7,2.1797e+06,3
HD_Helper,965,1107572,9037,0,32795,1,3778180,6,3749,1993,276,63,1.69611e+06,0
HOKAGE901,1999,1008197,909,70,5147,2,1961450,4,1908,2666,15,4,2.35843e+06,2
Hamid614,1158,1577602,3535,315,8848,5,2338080,3,3171,3625,109,41,2.84968e+06,2
HoudoeHe,1986,2058866,123,124,9714,7,1791420,5,1891,3491,11,7,2.74002e+06,2
IBlazeshotzI,1852,1270379,1101,127,3681,4,2227240,5,2711,2724,0,2,4.16713e+06,1
IMainRumble,1321,895229,1221,162,5489,4,1807280,4,2104,3030,8,3,2.23881e+06,2
InDfresh,872,473339,2158,63,11934,4,1896020,3,1484,1982,8,5,786745,1
Inixity,533,932310,1946,45,7348,1,2023230,4,3098,2472,27,12,2.82283e+06,2
JimmyScraggs,872,1290662,340,55,1287,3,2506250,7,5800,6200,1,0,8.2646e+06,1
KribbaKross,1200,1027310,5974,9,11345,3,3338960,7,7943,4358,22,18,4.71805e+06,2
Kuroshrap,1645,1402787,846,50,2546,9,2106090,5,3940,4380,3,0,5.3039e+06,2
LobEZ1337,1351,727798,468,0,3517,2,1969230,5,3576,4203,10,2,5.43924e+06,2
Lucky_Frostbite,700,2340757,2242,93,19544,20,3533380,7,3233,2331,31,18,4.5386e+06,2
Mag102,2281,905232,2160,118,17021,12,1946670,3,3878,2120,4,5,6.14566e+06,2
Metalmight0,908,1381570,1117,174,8043,13,2197810,5,3317,4594,37,3,2.47027e+06,2
NINIxx,1163,1039403,1210,753,7261,20,1901080,3,3450,2914,1,2,5.22645e+06,2
NewFuhr,962,915053,3584,377,23414,4,1872180,3,2633,2860,0,0,4.62544e+06,1
PENTA-ag1316,902,1418691,513,182,1967,7,5205600,17,9156,7091,2,0,3.51974e+06,1
Rognvaldi,3163,1348865,2230,85,9478,6,1755140,4,3398,5738,0,0,5.00226e+06,1
Rumiraj,1095,744494,1226,79,8521,6,1814190,4,2991,3073,1,0,5.12889e+06,2
SETROXUU,670,877957,1027,22,13046,5,1965950,4,3401,2743,27,1,4.62761e+06,2
SergeantP,929,1982884,631,54,4046,8,1076230,3,4727,5159,3,0,6.75079e+06,1
Sn0wQ,1709,607192,324,76,5382,3,1126520,1,1088,2229,13,9,1.96095e+06,2
SoNMBYoung,772,1168041,1903,193,10179,4,1139170,2,911,1850,1,0,3.30691e+06,3
Spigget,1154,1275580,3924,673,20533,10,3043310,6,2353,2576,16,2,1.62809e+06,1
StarkeVonReuss,1606,1324410,194,0,1846,14,1931840,4,2461,4190,22,5,3.99576e+06,2
Stefansen_xD,1459,482023,389,58,4688,1,1174000,2,1562,2470,16,1,881710,2
Suuntavaisto,474,699415,2131,110,9721,10,2614760,4,2833,3083,49,9,4.93901e+06,2
Swelleby,731,1560921,1472,111,13922,10,2243090,5,4475,2463,20,10,5.61665e+06,2
SzpytmuS,1626,888534,1487,81,11958,5,1577200,2,1483,2122,41,28,681280,2
TMARTOS,1163,1106319,739,120,2745,2,2189220,4,1455,1466,310,103,2.52187e+06,2
TSaTDiMiKMx3,1412,934174,969,118,10059,7,1465180,2,711,1087,1,0,832475,2
TW_FormosanAsTW,740,1642846,3231,1986,14931,9,2976620,10,4484,6970,9,1,5.89109e+06,3
ThieuuMa,1286,860323,3455,122,18509,3,2124440,4,3280,2333,247,49,3.88377e+06,2
Truckerdu57,957,1473957,1356,67,10707,4,2102640,5,3765,2694,6,1,3.33395e+06,2
USGasMonkey,1955,1852983,3896,261,16591,34,4206840,8,1454,1079,258,142,1.67161e+06,2
UnGranCara,2158,866129,1848,112,9684,3,1768720,3,2703,2529,8,0,4.00539e+06,2
Veloxis467,1061,1022960,5298,74,23196,4,2410700,4,1708,3113,23,5,1.81936e+06,2
Vetterzor,884,1224963,455,288,4431,6,1966220,4,1362,2877,173,62,2.90398e+06,1
X3MW4R,1107,1144773,2072,14,14556,9,2187560,5,5703,3966,14,1,8.57921e+06,2
barradepa,1027,829653,3648,135,21854,5,1904880,2,2315,2904,61,61,1.61603e+06,2
betaxitanium,847,2000528,325,111,1400,9,1805070,5,4256,3272,0,0,5.30245e+06,3
blasphemous-toad,2125,892463,474,57,6813,2,1714310,3,944,2413,14,0,1.02033e+06,2
deadtom88,813,1102618,1323,101,9337,5,1894120,3,2631,2257,81,29,3.75783e+06,2
fantast1c_one,1303,917877,3010,435,19971,10,2446180,5,2389,2657,32,10,605505,2
ft3911432,1068,1638554,718,367,4686,7,1532980,3,2810,3503,42,8,6.82695e+06,3
jareckiGda,1578,1137529,669,7,4756,21,1833470,3,3111,2743,4,0,3.89254e+06,2
jiaobei,1141,1407567,255,360,3382,8,1387430,3,2854,4565,0,0,5.25294e+06,3
kltist,1213,1805171,3112,944,10852,8,2225550,5,4150,5845,5,2,6.34518e+06,2
kodrakle2,1563,1082676,168,26,3470,16,1781400,3,1790,2349,18,22,1.84977e+06,2
kyle_de_guile,1172,959676,993,168,5434,2,1805080,3,1133,2476,58,26,1.65521e+06,1
likas100,1138,2298713,1925,68,2685,7,2390350,5,3266,6272,12,6,7.4625e+06,2
medionex,2110,1512866,1405,80,18895,22,2984640,6,3657,2383,57,57,4.69253e+06,2
papabud5522,1735,2115170,32,58,14521,32,2785290,4,2560,2097,18,10,1.29303e+06,1
pnyee,2046,1295757,2821,269,15911,11,1940800,3,2600,2193,8,8,4.95539e+06,3
pulcione,1152,1009429,11740,48,60157,6,4492820,5,4292,1582,0,2,4.87851e+06,2
rompegutt,1138,627731,1207,36,5079,593,1906500,4,3953,2548,5,1,7.20456e+06,2
shavethesheep,682,1637056,1731,209,14874,8,2695010,7,4825,4023,36,21,6.35246e+06,1
smart_yL,1413,663911,1142,142,8261,2,1604600,2,1890,2709,34,14,2.07192e+06,2
spirosvasilakis,711,1165927,2900,235,15152,32,2173420,4,3398,2664,4,2,5.11843e+06,2
thefish1971,997,1832303,2047,168,14914,18,2735710,6,5649,2460,7,2,7.54943e+06,2
whozat,1603,736853,2517,3,14797,5,2382690,6,4857,4927,8,1,6.64455e+06,1
xSam_Grizzlex,724,1554254,199,6,1183,24,2517560,6,6105,2480,0,0,8.92895e+06,1
xXckbondXx,1571,1199112,2265,166,14188,8,2025720,4,4322,4642,15,9,6.47719e+06,2
zfarhat1,995,1418477,5251,93,30132,9,2647550,4,4215,3421,1,0,6.72777e+06,2
zoltanmore,1529,1728665,2963,55,10913,18,230404,430,4494,3427,7,4,5.59451e+06,2
